 top     bottom	time

[ 0.900, 0.150, 11.937 ]
[ 0.900, 0.200, 11.938 ]
[ 0.900, 0.250, 11.906 ]
[ 0.950, 0.150, 12.562 ]
[ 0.950, 0.200, 12.594 ]
[ 0.950, 0.250, 12.656 ]
[ 1.000, 0.150, 13.219 ]
[ 1.000, 0.200, 13.281 ]
[ 1.000, 0.250, 13.438 ]
[ 0.800, 0.150, 11.079 ]
[ 0.800, 0.200, 11.125 ]
[ 0.800, 0.250, 11.218 ]
[ 0.850, 0.150, 11.375 ]
[ 0.850, 0.200, 11.360 ]
[ 0.850, 0.250, 11.359 ]
[ 0.900, 0.150, 11.969 ]
[ 0.900, 0.200, 11.906 ]
[ 0.900, 0.250, 11.938 ]
[ 0.800, 0.100, 10.922 ]
[ 0.800, 0.150, 11.172 ]
[ 0.800, 0.170, 11.109 ]
[ 0.850, 0.100, 11.344 ]
[ 0.850, 0.200, 11.437 ]
[ 0.850, 0.300, 11.406 ]
[ 0.750, 0.100, 10.985 ]
[ 0.750, 0.200, 12.312 ]
[ 0.850, 0.300, 11.360 ]
[ 0.800, 0.070, 10.875 ]
[ 0.800, 0.130, 11.063 ]
[ 0.850, 0.050, 11.390 ]
[ 0.850, 0.400, 11.485 ]
[ 0.750, 0.050, 10.859 ]
[ 0.750, 0.070, 10.875 ]
[ 0.800, 0.030, 10.937 ]
[ 0.800, 0.050, 11.110 ]
[ 0.700, 0.050, 11.484 ]
[ 0.700, 0.400, 13.844 ]
[ 0.750, 0.000, 11.547 ]
[ 0.750, 0.100, 11.187 ]
[ 0.800, 0.100, 10.968 ]
[ 0.800, 0.030, 10.969 ]
[ 0.700, 0.000, 13.609 ]
[ 0.700, 0.150, 11.500 ]
[ 0.960, 0.220, 12.641 ]
[ 0.950, 0.200, 12.547 ]
[ 0.800, 0.070, 10.922 ]
[ 0.800, 0.100, 10.937 ]
[ 0.830, 0.130, 11.172 ]
[ 0.830, 0.070, 11.094 ]
[ 0.830, 0.100, 11.140 ]
[ 0.830, 0.130, 11.141 ]
[ 0.780, 0.070, 10.828 ]
[ 0.780, 0.100, 10.891 ]
[ 0.780, 0.130, 10.984 ]
[ 0.800, 0.030, 10.875 ]
[ 0.800, 0.050, 10.875 ]
[ 0.830, 0.070, 11.172 ]
[ 0.780, 0.030, 10.781 ]
[ 0.780, 0.050, 10.828 ]
[ 0.780, 0.070, 10.859 ]
[ 0.760, 0.030, 10.828 ]
[ 0.760, 0.050, 10.813 ]
[ 0.760, 0.070, 10.859 ]
[ 0.780, 0.010, 11.062 ]
[ 0.780, 0.020, 10.891 ]
[ 0.780, 0.020, 10.922 ]
[ 0.780, 0.025, 10.937 ]
[ 0.780, 0.027, 10.844 ]
[ 0.780, 0.028, 10.922 ]
[ 0.780, 0.030, 10.890 ]
[ 0.780, 0.032, 10.860 ]
[ 0.780, 0.030, 10.844 ]
[ 0.780, 0.031, 10.953 ]
[ 0.780, 0.032, 10.859 ]
[ 0.780, 0.033, 10.875 ]
