 alpha	   c	time #TV=10000

[ 0.500, 1.000, 11.984 ]
[ 0.500, 0.750, 16.828 ]
[ 0.500, 0.800, 13.844 ]
[ 0.500, 0.833, 12.906 ]
[ 0.500, 0.714, 19.907 ]
[ 0.500, 0.857, 12.171 ]
[ 0.500, 0.750, 16.907 ]
[ 0.500, 0.875, 12.031 ]
[ 0.500, 0.778, 14.875 ]
[ 0.500, 0.889, 12.016 ]
[ 0.500, 0.900, 11.922 ]
[ 0.333, 1.000, 12.609 ]
[ 0.333, 0.875, 18.860 ]
[ 0.333, 0.889, 18.016 ]
[ 0.333, 0.900, 17.563 ]
[ 0.667, 0.667, 19.609 ]
[ 0.667, 1.000, 15.953 ]



[ 0.333, 1.000, 11.938 ]
[ 0.333, 0.833, 18.437 ]
[ 0.333, 0.857, 16.750 ]
[ 0.333, 0.875, 15.485 ]
[ 0.333, 0.900, 14.375 ]
[ 0.667, 0.667, 14.704 ]
[ 0.667, 0.600, 11.359 ]
[ 0.667, 0.571, 11.875 ]
[ 0.667, 0.625, 12.125 ]
[ 0.667, 0.556, 12.015 ]
[ 0.667, 0.500, 13.907 ]
[ 0.667, 0.700, 18.968 ]
[ 0.250, 1.000, 16.906 ]


[ 0.300, 0.900, 18.094 ]
[ 0.300, 1.000, 13.078 ]
[ 0.350, 0.800, 19.235 ]
[ 0.350, 0.900, 13.609 ]
[ 0.350, 1.000, 11.985 ]
[ 0.400, 0.800, 14.375 ]
[ 0.400, 0.900, 11.906 ]
[ 0.400, 1.000, 11.672 ]
[ 0.450, 0.700, 16.297 ]
[ 0.450, 0.800, 12.125 ]
[ 0.450, 0.900, 11.453 ]
[ 0.450, 1.000, 17.516 ]
[ 0.500, 0.700, 18.562 ]
[ 0.500, 0.800, 18.563 ]
[ 0.600, 0.700, 16.454 ]


[ 0.250, 1.000, 16.859 ]
[ 0.250, 1.100, 12.891 ]
[ 0.250, 1.200, 11.891 ]
[ 0.270, 1.000, 14.860 ]
[ 0.270, 1.100, 12.328 ]
[ 0.270, 1.200, 11.625 ]
[ 0.280, 0.900, 19.969 ]
[ 0.280, 1.000, 14.359 ]
[ 0.280, 1.100, 11.953 ]
[ 0.280, 1.200, 11.297 ]
[ 0.300, 0.900, 17.172 ]
[ 0.300, 1.000, 13.109 ]
[ 0.300, 1.100, 11.828 ]
[ 0.300, 1.200, 11.610 ]
[ 0.350, 0.900, 14.047 ]
[ 0.350, 1.000, 12.078 ]
[ 0.350, 1.100, 11.781 ]
[ 0.350, 1.200, 15.625 ]
[ 0.400, 0.900, 11.891 ]
[ 0.400, 1.000, 11.625 ]
[ 0.400, 1.100, 15.796 ]
[ 0.450, 0.900, 11.313 ]
[ 0.450, 1.000, 15.437 ]
[ 0.500, 0.900, 14.469 ]



[ 0.250, 1.300, 11.422 ]
[ 0.250, 1.400, 13.922 ]
[ 0.270, 1.300, 12.375 ]
[ 0.270, 1.400, 16.281 ]
[ 0.280, 1.300, 12.844 ]
[ 0.280, 1.400, 18.031 ]
[ 0.300, 1.300, 14.890 ]


[ 0.100, 1.300, 17.641 ]
[ 0.100, 1.400, 14.031 ]
[ 0.150, 1.200, 17.140 ]
[ 0.150, 1.300, 13.391 ]
[ 0.150, 1.400, 12.109 ]
[ 0.200, 1.100, 16.829 ]
[ 0.200, 1.200, 13.000 ]
[ 0.200, 1.300, 11.984 ]
[ 0.200, 1.400, 11.312 ]


[ 0.100, 1.400, 13.765 ]
[ 0.100, 1.500, 12.063 ]
[ 0.100, 1.600, 11.953 ]
[ 0.100, 1.700, 11.391 ]
[ 0.150, 1.400, 11.890 ]
[ 0.150, 1.500, 11.438 ]
[ 0.150, 1.600, 12.078 ]
[ 0.150, 1.700, 14.703 ]
[ 0.200, 1.400, 11.219 ]
[ 0.200, 1.500, 12.937 ]
[ 0.200, 1.600, 17.078 ]


[ 0.300, 0.900, 17.765 ]
[ 0.300, 1.000, 13.094 ]
[ 0.300, 1.100, 12.000 ]
[ 0.300, 1.200, 11.719 ]
[ 0.300, 1.200, 11.640 ]
[ 0.300, 1.300, 15.000 ]
[ 0.300, 1.150, 11.313 ]
[ 0.300, 1.200, 11.812 ]
[ 0.300, 1.250, 12.938 ]
[ 0.300, 1.130, 11.719 ]
[ 0.300, 1.150, 11.484 ]
[ 0.300, 1.170, 11.422 ]
